1539617400361
1539621000206
1539624600090
1539628200086
1539631800089
1539635400101
1539639000088
1539642600078
1539646200088
1539649800097
1539653400071
1539657000100
1539660600069
1539664200091
1539667800096
1539671400083
1539675000100
1539678600076
1539682200100
1539685800101
1539689400093
1539693000094
1539696600088
1539700200087
1539703800100
1539707400083
1539711000096
1539714600101
1539718200097
1539721800079
1539725400056
1539729000086
1539732600071
1539736200081
1539739800085
1539743400097
1539747000093
1539750600095
1539754200098
1539757800098
1539761400096
1539765000094
1539768600099
1539772200077
1539775800086
1539779400089
1539783000077
